s 0,(58,60),(60,61),(60,62),(62,63),(63,65),(62,66),(66,68),(56,55),(43,44),(44,46),0,0,(2,1),(2,3),(2,4),(4,69),(69,58),(58,59),(59,69),(59,11),(10,9),0,0,(4,5),(11,12),(12,16),(16,13),(13,14),(15,17),(15,18),(18,19),(19,20),(20,76),(50,52),(52,54),(50,49),(49,47),0,0,(59,44),(44,45),(46,47),(47,48),(49,51),(51,21),(21,22),(22,75),(75,23),(23,31),(31,32),(32,34),0,0,(58,57),(57,42),(41,35),(35,32),(32,33),(21,19),0
q 3958
s 0,(124,126),(126,130),(66,67),(67,68),(69,71),(71,72),(72,73),(73,44),(44,45),(45,34),(44,43),0,0,(87,86),(86,85),(85,84),(84,82),(82,80),(80,79),(79,78),(78,77),(77,46),(46,43),(43,37),(37,36),(36,38),(38,39),(39,40),0,0,(66,62),(62,63),(56,55),(55,54),(55,140),(140,49),(49,48),(139,33),(33,11),(11,27),(27,28),(28,30),(28,29),0,0,(67,69),(34,139),(11,8),(8,6),(6,5),(8,9),(13,14),(13,12),0,0,(95,96),(96,97),(11,12),(20,24),(24,25),(25,27),(30,32),(20,22),0,0,(2,117),(117,116),(116,1),(117,119),(118,114),(114,113),(113,112),(112,110),(110,111),(110,107),(107,108),(105,104),0,0,(112,107),(107,106),(106,105),(104,102),(63,64),(64,65),(97,98),(108,109),0
q 6125
s 0,(1,10),(10,8),(8,11),(11,5),(5,12),0,0,(1,12),(12,7),(7,8),(7,6),(6,5),0,0,(2,9),(9,10),(10,11),(11,9),(2,1),0,0,(2,4),(4,3),(3,5),(3,2),(4,1),0,0,(1,7),(6,12),0
q 328
s 0,(2,3),(3,4),(4,2),(2,7),(7,5),(5,2),(2,1),0,0,(7,4),(4,11),(11,12),(12,10),(10,1),(1,5),(5,6),0,0,(1,9),(9,8),(8,3),(3,9),(9,10),(12,8),(8,1),0,0,(1,11),(11,6),(6,4),(4,1),0
q 294
s 0,(2,4),(4,3),(3,9),(9,1),(1,5),(5,2),(2,10),(10,3),(9,19),(19,1),(1,11),(11,5),(5,4),(5,6),(6,7),(7,8),(8,14),(14,13),(13,7),(6,11),(11,12),0,0,(1,20),(20,15),(15,16),(16,12),(12,6),(12,17),(17,13),(17,16),(17,18),(18,14),(15,21),(21,20),(20,19),(19,22),(22,23),(23,21),(21,24),(24,23),0
q 196
s 0,(2,8),(8,7),(7,1),(1,2),(3,4),(4,10),(15,16),(16,17),(17,11),(11,5),(5,4),(5,6),(6,12),(12,11),(11,16),(16,19),(19,20),(20,17),(20,21),(21,22),(21,27),(27,20),(19,26),(26,25),(25,15),(15,14),0,0,(2,3),(3,9),(9,8),(7,13),(13,23),(23,29),(29,30),(30,31),(31,35),(35,34),(34,38),(38,39),(39,40),(40,36),(36,39),(39,35),(35,36),(36,37),(37,41),(41,40),(36,32),(32,31),(31,25),(25,24),(24,23),(15,10),0,0,(9,10),(10,11),(17,18),(18,22),(22,28),(28,27),(27,32),(32,26),(26,27),(27,33),(33,37),(34,29),(30,24),(24,14),(14,13),(23,14),(14,9),0
q 419
s 0,(2,36),(36,29),(29,30),(30,31),(31,38),(38,39),(39,5),(5,4),(4,38),(38,37),(37,31),(31,32),(32,39),(4,3),(3,37),(37,30),(37,36),(36,35),(35,28),(28,27),(27,26),(26,33),0,0,(2,6),(6,1),(1,33),(33,34),(34,26),(27,34),(34,35),(35,1),(1,8),(8,40),(40,1),(1,11),(11,16),(16,15),(15,9),(9,10),(10,16),(15,14),(14,8),(8,9),(10,1),0,0,(2,3),(3,7),(7,13),(13,19),(19,18),(18,22),(22,25),(25,24),(24,23),(23,20),(20,21),(21,24),(22,21),(20,17),(17,18),(18,13),(13,17),(17,12),(12,13),(7,6),(6,12),(12,11),(1,2),0
q 287
