s 0,(2,4),(4,69),(69,58),(58,59),(59,69),(59,11),(10,9),(2,3),(2,1),0,0,(59,44),(44,46),(46,47),(47,48),(47,49),(49,50),(49,51),(21,22),(22,75),(75,23),(23,31),(31,32),(32,33),(56,55),0,0,(4,5),(11,12),(12,16),(16,13),(13,14),(15,17),(15,18),(18,19),(19,21),(21,51),(52,54),(52,50),(45,44),0,0,(58,60),(60,62),(62,63),(63,65),(62,66),(66,68),(60,61),(58,57),(57,42),0,0,(44,43),(41,35),(35,32),(32,34),(19,20),(20,76),0
q 3896
s 0,(124,126),(126,130),(43,44),(44,45),(45,34),(34,139),(139,33),(33,11),(11,12),0,0,(2,117),(117,116),(116,1),(117,119),(118,114),(114,113),(113,112),(112,110),(110,107),(107,108),(107,112),0,0,(110,111),(108,109),(106,105),(105,104),(66,67),(67,69),(69,71),(71,72),(72,73),(67,68),0,0,(73,44),(11,27),(27,28),(28,29),(28,30),(30,32),(27,25),(25,24),(24,20),(20,22),0,0,(11,8),(8,6),(6,5),(8,9),(13,14),(13,12),0,0,(87,86),(86,85),(85,84),(84,82),(82,80),(80,79),(79,78),(78,77),(77,46),(46,43),(43,37),(37,36),(36,38),(38,39),(39,40),0,0,(107,106),(104,102),(66,62),(62,63),(63,64),(64,65),(56,55),(55,140),(140,49),(49,48),(55,54),(95,96),(96,97),(97,98),0
q 5751
s 0,(1,7),(7,12),0,0,(1,10),(10,8),(8,7),(7,6),(6,12),0,0,(1,12),(12,5),(5,6),(8,11),(11,5),0,0,(2,9),(9,10),(10,11),(11,9),(2,1),0,0,(2,4),(4,3),(3,5),(3,2),(4,1),0
q 328
s 0,(2,7),(7,5),(5,1),(1,2),(2,5),(5,6),(6,11),0,0,(2,4),(4,3),(3,2),(7,4),(4,11),(11,1),0,0,(1,8),(8,9),(9,10),(10,12),(12,11),(6,4),(4,1),0,0,(1,10),(12,8),(8,3),(3,9),(9,1),0
q 297
s 0,(2,4),(2,5),(1,20),(20,21),(21,15),(20,19),(19,1),(1,9),(9,3),(9,19),(19,22),(22,23),(23,21),(21,24),(24,23),0,0,(2,10),(10,3),(3,4),(4,5),(5,1),(1,11),(11,5),(5,6),(6,11),(11,12),(12,17),(17,18),(18,14),(14,13),(13,7),(7,8),(8,14),(17,16),(16,12),(12,6),(6,7),(13,17),(16,15),(15,20),0
q 193
s 0,(2,8),(8,9),(9,14),(14,13),(13,23),(23,24),(24,25),(25,26),(26,27),(27,28),(28,22),(21,27),(27,32),(32,31),(31,30),(30,29),(29,23),(23,14),(14,15),(15,16),(16,11),(11,10),(10,4),0,0,(1,7),(7,8),(7,13),(14,24),(24,30),(29,34),(35,39),(36,37),(36,35),(36,32),(32,26),(26,19),(11,12),(12,6),(6,5),0,0,(2,3),(3,4),(4,5),(5,11),(11,17),(17,18),(18,22),(22,21),(21,20),(20,19),(19,16),(16,17),(17,20),(20,27),(27,33),(33,37),(37,41),(41,40),(40,39),(39,36),(36,40),(39,38),(38,34),(34,35),(35,31),(31,25),(25,15),(15,10),(10,9),(9,3),(2,1),0
q 412
s 0,(2,3),(3,7),(7,13),(13,19),(19,18),(18,22),(22,25),(25,24),(24,21),(21,20),(20,23),(23,24),(21,22),(20,17),(17,13),(13,18),(18,17),(17,12),(12,11),(11,1),(1,2),(2,6),(1,10),(10,16),(16,15),(15,9),0,0,(2,36),(36,37),(37,30),(30,31),(31,37),(37,38),(38,4),(4,5),(5,39),(39,32),(32,31),(31,38),(38,39),(4,3),(3,37),(30,29),(29,36),(36,35),(35,1),(1,40),(40,8),(8,14),(14,15),0,0,(6,7),(13,12),(12,6),(6,1),(1,8),(8,9),(9,10),(16,11),(1,33),(33,34),(34,35),(35,28),(28,27),(27,26),(26,33),(34,27),(34,26),0
q 314
