s 0,(2,3),(46,44),(44,43),(42,57),(57,58),(58,69),(69,4),0,0,(2,4),(4,5),(9,10),(11,12),(12,16),(16,13),(13,14),(15,17),(15,18),(18,19),(50,52),(51,21),(51,49),(49,47),0,0,(47,48),(49,50),(31,32),(32,33),(32,34),(32,35),(35,41),(56,55),0,0,(2,1),(69,59),(59,58),(58,60),(60,61),(60,62),(62,63),(63,65),(62,66),(66,68),(59,44),0,0,(59,11),(76,20),(20,19),(19,21),(21,22),(22,75),(75,23),(23,31),(52,54),(47,46),(45,44),0
q 3840
s 0,(114,113),(113,112),(112,110),(110,107),(107,108),(108,109),(107,106),(106,105),0,0,(124,126),(126,130),(43,44),(34,45),(45,44),(44,73),(73,72),(72,71),(71,69),(69,67),(68,67),(67,66),0,0,(2,117),(117,116),(116,1),(117,119),(118,114),(112,107),(110,111),(105,104),(104,102),(95,96),(96,97),(97,98),0,0,(11,8),(8,6),(6,5),(8,9),(14,13),0,0,(34,139),(11,27),(27,28),(28,30),(30,32),(28,29),(27,25),(25,24),(24,20),(55,56),0,0,(87,86),(86,85),(85,84),(84,82),(82,80),(80,79),(79,78),(78,77),(77,46),(46,43),(43,37),(37,36),(36,38),(38,39),(39,40),0,0,(66,62),(62,63),(63,64),(64,65),(55,54),(55,140),(140,49),(49,48),(139,33),(33,11),(11,12),(12,13),(20,22),0
q 5770
s 0,(1,10),(10,8),(8,11),(11,5),(6,12),0,0,(2,4),(4,3),(3,5),(3,2),(2,1),0,0,(1,7),(12,1),0,0,(2,9),(9,10),(10,11),(11,9),(4,1),0,0,(12,7),(7,8),(7,6),(6,5),(5,12),0
q 328
s 0,(1,2),(7,4),(4,3),(3,2),(2,7),(7,5),(5,2),0,0,(2,4),(4,11),(11,12),(12,10),(10,1),(1,5),(5,6),0,0,(1,9),(9,10),(12,8),(8,3),(3,9),(9,8),(8,1),0,0,(1,4),(4,6),(6,11),(11,1),0
q 297
s 0,(2,4),(4,5),(5,6),(6,7),(7,13),(13,14),(14,8),(8,7),(6,11),(11,1),(1,5),(5,11),(11,12),(5,2),(2,10),(10,3),(3,4),(3,9),(9,19),(19,1),(1,9),0,0,(1,20),(20,21),(21,23),(23,24),(24,21),(21,15),(15,16),(16,17),(17,18),(18,14),(13,17),(17,12),(12,6),(12,16),(15,20),(20,19),(19,22),(22,23),0
q 191
s 0,(2,8),(8,7),(7,13),(13,23),(23,24),(24,25),(25,31),(31,35),(35,34),(34,38),(38,39),(39,40),(40,36),(36,39),(39,35),(35,36),(36,32),(32,27),(27,28),(28,22),(22,21),(21,27),(27,20),(20,17),(17,11),0,0,(3,9),(10,15),(14,24),(24,30),(30,31),(31,32),(32,26),(26,27),(27,33),(33,37),(37,36),(40,41),(41,37),(34,29),(29,30),(29,23),(23,14),(14,13),0,0,(2,3),(3,4),(4,10),(10,9),(9,14),(14,15),(15,25),(25,26),(26,19),(19,16),(16,15),(10,11),(11,12),(12,6),(6,5),(5,4),(5,11),(11,16),(16,17),(17,18),(18,22),(21,20),(20,19),(9,8),(7,1),(1,2),0
q 417
s 0,(2,36),(36,37),(37,30),(30,31),(31,32),(32,39),(39,5),(5,4),(4,38),(38,39),(4,3),(3,37),(37,38),(38,31),(31,37),(30,29),(29,36),(36,35),(35,28),(28,27),(27,26),(26,33),0,0,(2,6),(6,1),(1,35),(35,34),(34,26),(27,34),(34,33),(33,1),(1,8),(8,40),(40,1),(1,10),(10,16),(16,15),(15,9),(9,8),(8,14),(14,15),(9,10),(16,11),(11,1),0,0,(2,3),(3,7),(7,13),(13,17),(17,20),(20,21),(21,24),(24,23),(23,20),(21,22),(22,25),(25,24),(22,18),(18,19),(19,13),(13,18),(18,17),(17,12),(12,13),(7,6),(6,12),(12,11),(1,2),0
q 288
